data_base;total_carteira_ativa;total_vencido_acima_de_15_dias;over_15
2012-06-30;610858613954.647;16944244591.772655;2.7738406571820358
2012-07-31;619622499275.1815;17607056353.46495;2.841577956588283
2012-08-31;621331633636.9243;17964673289.967525;2.8913179882396265
2012-09-30;620719960792.0366;16869335200.820509;2.7177046440226107
2012-10-31;641446314872.915;17252000084.999588;2.6895469948124338
2012-11-30;652203997451.3132;17362720472.138428;2.6621610017707
2012-12-31;659037234429.1294;17632383416.060226;2.675476057332896
2013-01-31;650567614460.4138;18658988124.01294;2.868108972729738
2013-02-28;659971371694.935;18777514310.723915;2.8452013399459437
2013-03-31;655164238547.0171;18703913066.167656;2.854843406540022
2013-04-30;675328737982.9092;18782600896.58138;2.7812530165207803
2013-05-31;686130063893.775;18753688373.91237;2.7332555969761105
2013-06-30;655150794603.3123;18121277328.715294;2.765970441917507
2013-07-31;663809034060.1736;18367456799.204277;2.766979034144824
2013-08-31;691731195773.3514;18019199629.558044;2.604942460259102
2013-09-30;698723944746.4414;17846584394.543385;2.5541681416141673
2013-10-31;699447241731.6218;18133328513.946556;2.5925226996469193
2013-11-30;697666644289.8469;18025722235.401802;2.583715644561184
2013-12-31;723330471963.7366;17880171525.48764;2.4719228925812553
2014-01-31;721011066726.8933;18594116445.649494;2.5788947359795
2014-02-28;721811597352.4525;18674421521.447075;2.5871600830387553
2014-03-31;717685709348.0532;17438223663.500214;2.429785550466251
2014-04-30;763592338540.5381;18512513206.5158;2.424397452952312
2014-05-31;767956172031.0698;18550129912.704353;2.4155193471058993
2014-06-30;772784126978.7607;18052151066.00087;2.335988853261865
2014-07-31;767102988489.8025;18784835785.48694;2.4488023208550773
2014-08-31;770839125351.8247;18587527731.37253;2.41133683022237
2014-09-30;766184310002.4185;19347065527.045425;2.5251189921892756
2014-10-31;768617329947.6558;19443417463.200348;2.5296616021557154
2014-11-30;783166627280.814;19396337036.52194;2.4766552047636146
2014-12-31;801297091395.908;20475047480.35848;2.555237963573499
2015-01-31;786568118107.5906;21635136815.045135;2.7505738304137286
2015-02-28;791160962372.8555;22128782309.666985;2.797001288245844
2015-03-31;793370990050.3348;22176931659.474365;2.795278871750449
2015-04-30;777613437840.9229;22706404733.07766;2.920011875839359
2015-05-31;803384080803.7942;22712705459.143925;2.8271291405749075
2015-06-30;807203861798.611;22981410416.301983;2.8470392058203022
2015-07-31;806833495176.4646;23356383712.37188;2.8948207842144114
2015-08-31;812020690387.7024;23816311259.868725;2.932968524299244
2015-09-30;811151434437.367;24742876974.152176;3.0503400380860324
2015-10-31;810581263404.9584;25483831138.939606;3.143895904019698
2015-11-30;780832233095.7509;26024648980.929436;3.332937329924253
2015-12-31;799543172595.7963;26112950101.38571;3.265983751272296
2016-01-31;790204597829.3813;27776574267.074467;3.51511169934649
2016-02-29;777019982322.0471;28411220858.3815;3.656433747492231
2016-03-31;772007315481.2378;30124747761.09272;3.9021324224517464
2016-04-30;765828237147.5797;29720175836.32083;3.880788719284788
2016-05-31;751612149330.5396;31614213956.841564;4.206187191758453
2016-06-30;752848601174.7694;30805859576.866596;4.091906331338882
2016-07-31;744633082063.5437;31403674542.839733;4.217335396355635
2016-08-31;728841923326.2928;31227867331.909985;4.284587141940474
2016-09-30;722304916883.0323;29416472975.588627;4.072583792247981
2016-10-31;711360921350.9443;28925720089.626698;4.066250931340719
2016-11-30;709099366149.4672;27506228260.347168;3.8790372088062597
2016-12-31;708416415704.1626;26789784996.451195;3.7816437341901903
2017-01-31;710694332499.5364;28409818321.4199;3.9974736004298212
2017-02-28;706855799645.944;28533605010.731674;4.036693909142973
2017-03-31;680653257867.798;28194992752.09012;4.1423430250540845
2017-04-30;675326526305.1737;26393383730.68702;3.908240340430534
2017-05-31;668514877557.3553;26903774249.05623;4.0244092019848905
2017-06-30;649657861138.268;22682168658.082443;3.4914021694959456
2017-07-31;543659092001.2831;22656195031.963135;4.167353285413217
2017-08-31;551365438968.486;22644619761.523384;4.107007469290738
2017-09-30;554162998877.6107;22518392643.036194;4.063496243640308
2017-10-31;538725341611.3653;22251377643.15368;4.130375151203811
2017-11-30;576381659924.1477;22827038831.187187;3.960403395588826
2017-12-31;532552955518.9414;21887079312.556587;4.109840924876461
2018-01-31;516587648365.3147;21584545203.226143;4.178292932772993
2018-02-28;515251979037.57715;21322769779.833252;4.138318851227195
2018-03-31;518356699900.7422;20471230014.40551;3.9492554100922117
2018-04-30;510070748279.2207;19004422502.472652;3.725840496947952
2018-05-31;505577341934.30774;18872306916.115753;3.732822923573171
2018-06-30;501538554508.4901;18107501078.600998;3.610390650095968
2018-07-31;498953343045.0576;18314873447.100784;3.6706585299794003
2018-08-31;511664347708.1587;18428576199.574463;3.6016924536797488
2018-09-30;508760777095.12354;17003751582.849564;3.3421899541737576
2018-10-31;510080189633.8669;17155862255.736656;3.363365722564339
2018-11-30;492587036165.3108;17046979775.905006;3.460704103910702
2018-12-31;473047079243.7154;15862663156.003956;3.353294809760671
2019-01-31;502562885591.2567;15815492745.955276;3.1469679117566782
2019-02-28;502895153239.9994;15093700739.53563;3.00136134585739
2019-03-31;506702008303.84875;15476835261.481686;3.0544254824032295
2019-04-30;501933221457.37396;15602292134.919233;3.108439821858701
2019-05-31;499774987065.6217;15422615437.932945;3.085911827737773
2019-06-30;507852271534.0547;14546619384.399088;2.8643407147630815
2019-07-31;540681569569.95435;15189319169.63284;2.8092910919294094
2019-08-31;529918105526.43933;14423950026.403364;2.7219205903663366
2019-09-30;523321315755.927;13882258322.084948;2.652721741714707
2019-10-31;524934271310.62366;13483010045.604698;2.568513961174824
2019-11-30;539595410198.3717;13595008090.733973;2.5194817883525054
2019-12-31;489456535001.21765;12723526862.533894;2.599521296104922
2020-01-31;525798056677.8002;12437893192.090841;2.3655266568838926
2020-02-29;529329839979.7749;12721388226.015388;2.4033007900143053
2020-03-31;544774370523.4548;13860414209.909939;2.5442485843436335
2020-04-30;554793057001.0466;14913753770.295464;2.688165178366197
2020-05-31;560077655835.075;13967289681.887371;2.493813051881558
2020-06-30;569870049839.7029;11877786208.351652;2.0842973256258546
2020-07-31;611933203306.1362;12166776876.743908;1.988252445039683
2020-08-31;646380837908.1875;12034691165.734447;1.8618576634606028
2020-09-30;692959976864.4076;10752711628.677002;1.551707456083138
2020-10-31;705398120755.8069;10615522338.713585;1.504898018063822
2020-11-30;734545851181.886;10065342580.507732;1.370281047032336
2020-12-31;747915364220.5544;10085602786.051315;1.3484951999297543
2021-01-31;748391641304.1565;10844265718.580948;1.449009465108883
2021-02-28;755307461100.0751;10428642310.004864;1.3807148541622989
2021-03-31;765709434845.2214;11559375794.243118;1.5096295367680432
2021-04-30;769291932453.4128;11736344914.908249;1.5256035348608032
2021-05-31;776149822382.0435;11151831026.233145;1.4368142212553248
2021-06-30;790770281032.3501;11723275087.115871;1.4825133630225888
2021-07-31;803922925030.8103;11741127859.987135;1.4604792940240081
2021-08-31;815777364983.1461;12151220117.656277;1.4895265104477764
2021-09-30;834233578548.6951;11825677609.946682;1.4175499421300752
2021-10-31;842918897527.6648;11866193270.302658;1.407750295444433
2021-11-30;854031796064.392;12343046484.986387;1.4452677923546244
2021-12-31;859123280665.6354;11847969646.919643;1.3790767767042724
2022-01-31;866296330755.742;12383709700.309639;1.4295004215827978
2022-02-28;873904529859.1891;12674774726.374401;1.4503614861015388
2022-03-31;880455907938.5707;13381688210.544645;1.5198589832710039
2022-04-30;886136182955.8215;14123240534.606293;1.593800231415492
2022-05-31;893176352154.4087;14556071647.171257;1.6296973841796096
2022-06-30;900492421700.0968;14454674166.973307;1.6051966478166924
2022-07-31;907025684279.3856;15331564061.39867;1.6903120084829022
2022-08-31;934122113981.7126;15870917347.187595;1.6990195510453678
2022-09-30;949267653429.4672;16758851955.391039;1.7654506497556817
2022-10-31;953033484936.562;17775089193.226818;1.865106470462578
2022-11-30;974494029848.6832;18498515190.375652;1.8982687039394228
2022-12-31;999739730918.7261;18515574342.987564;1.8520394629082508
2023-01-31;991464578530.3535;19910862884.511482;2.008227355335813
2023-02-28;989722433455.6108;20380335122.555016;2.059197046933369
2023-03-31;1000591537989.2483;20434753130.070946;2.0422672343537775
2023-04-30;1001328807904.6058;20965356987.76532;2.0937535025720178
2023-05-31;1005684886562.917;22180966005.67028;2.2055582520959574
2023-06-30;975448363101.1398;20945223620.262768;2.1472406344169603
2023-07-31;960843543632.3457;20859252010.906586;2.1709311728370326
2023-08-31;978806338497.3296;20522782699.58874;2.0967153452536342
2023-09-30;979963997784.5231;21077641987.42917;2.1508588106380384
2023-10-31;983568365495.1769;21735949090.960625;2.2099072981081163
2023-11-30;991935156125.4946;21743821843.781647;2.192060812595166
2023-12-31;1007254266653.7217;21648673250.836216;2.149275904559528
2024-01-31;999743964981.8755;22189576242.31779;2.2195259005859636
2024-02-29;996406363424.9414;22151021458.86054;2.2230911274714233
2024-03-31;1012136490967.5024;25761111954.136227;2.545221142013282
2024-04-30;1010302786518.4846;27839794888.41858;2.7555892411575784
